MAE: 0.5854773098226075
RMSE: 0.7849408077756662
